Uitgangspunten

Opgave 2
========

1) opg2(0:4,[0 0.5 1 2 3 3.5 4])
2) opg2([0 3 3.5 4],[0 1.5 3 3.5 3.75 4])

Opgave 3
========

1) opg3([-5 -2 -1 0 1 2 5])

Opgave 4
========

1) opg4([0.1 0.05 0.025],1e-5)
2) opg4([0.1 0.05 0.025],1e-5,1)

Opgave 5
========

1) opg5(10,1)
2) opg5([10 19 37])
3) opg5([10 19 37],1)

Opgave 6
========

1) opg6([5 9 17 32],[-5,5])
2) opg6([5 9 17 32],[-5,-4.8])
3) opg6([5 9 17 32],[-0.1,0.1])

Opgave 8
========

1) opg8('Plot')
2) opg8('Smooth',0)
3) opg8('Agee',1)
